360	743387
361	775961
362	825759
363	881625
364	926560
365	996194
366	1.00776E6
367	997949
368	1.09397E6
369	1.13388E6
370	1.10535E6
371	1.27359E6
372	1.3475E6
373	1.42543E6
374	1.45818E6
375	1.44789E6
376	1.49313E6
377	1.56807E6
378	1.65354E6
379	1.71146E6
380	1.81735E6
381	2.01576E6
382	2.09393E6
383	2.1443E6
384	2.17733E6
385	2.24438E6
386	2.35785E6
387	2.41562E6
388	2.47983E6
389	2.549E6
390	2.6158E6
391	2.69618E6
392	2.60754E6
393	2.72764E6
394	2.79016E6
395	3.07886E6
396	2.99041E6
397	3.12599E6
398	3.40457E6
399	3.34786E6
400	3.60978E6
401	3.49207E6
402	3.8991E6
403	3.86625E6
404	4.14613E6
405	4.56057E6
406	4.9005E6
407	5.07434E6
408	5.377E6
409	5.61649E6
410	6.07337E6
411	6.42108E6
412	7.1969E6
413	8.13058E6
414	8.92046E6
415	1.0164E7
416	1.15532E7
417	1.3117E7
418	1.53403E7
419	1.70922E7
420	1.90639E7
421	2.16228E7
422	2.4016E7
423	2.6535E7
424	2.82888E7
425	2.99076E7
426	3.20078E7
427	3.34662E7
428	3.53342E7
429	3.71011E7
430	3.80711E7
431	3.9217E7
432	3.99463E7
433	4.1587E7
434	4.1884E7
435	4.26283E7
436	4.32179E7
437	4.39469E7
438	4.43295E7
439	4.43202E7
440	4.46915E7
441	4.49154E7
442	4.53599E7
443	4.61338E7
444	4.60628E7
445	4.66495E7
446	4.66938E7
447	4.61833E7
448	4.68639E7
449	4.76883E7
450	4.82821E7
451	4.68352E7
452	4.76841E7
453	4.69082E7
454	4.76653E7
455	4.76247E7
456	4.82622E7
457	4.8845E7
458	4.81545E7
459	4.68354E7
460	4.70255E7
461	4.74427E7
462	4.66383E7
463	4.76748E7
464	4.73316E7
465	4.62123E7
466	4.74166E7
467	4.75469E7
468	4.77055E7
469	4.72974E7
470	4.68821E7
471	4.73674E7
472	4.84247E7
473	4.86867E7
474	4.76581E7
475	4.76131E7
476	4.75553E7
477	4.79047E7
478	4.68375E7
479	4.74E7
480	4.71404E7
481	4.76448E7
482	4.80802E7
483	4.7814E7
484	4.77979E7
485	4.88159E7
486	4.78277E7
487	4.82733E7
488	4.76942E7
489	4.81076E7
490	4.82009E7
491	4.80069E7
492	4.87743E7
493	4.72124E7
494	4.93752E7
495	4.89057E7
496	4.83278E7
497	4.8026E7
498	4.93141E7
499	4.84355E7
500	5.00737E7
501	4.94417E7
502	4.88947E7
503	4.90987E7
504	4.95596E7
505	5.13994E7
506	5.05485E7
507	5.09072E7
508	4.96158E7
509	5.14708E7
510	5.17351E7
511	5.12811E7
512	5.22102E7
513	5.22554E7
514	5.17653E7
515	5.3465E7
516	5.21879E7
517	5.22159E7
518	5.26134E7
519	5.29616E7
520	5.2336E7
521	5.33515E7
522	5.39374E7
523	5.39461E7
524	5.37083E7
525	5.46382E7
526	5.31656E7
527	5.48713E7
528	5.49974E7
529	5.27273E7
530	5.39575E7
531	5.35771E7
532	5.49925E7
533	5.4718E7
534	5.47998E7
535	5.52942E7
536	5.59115E7
537	5.56659E7
538	5.62319E7
539	5.59382E7
540	5.60438E7
541	5.61363E7
542	5.63528E7
543	5.59314E7
544	5.66576E7
545	5.55935E7
546	5.55321E7
547	5.53414E7
548	5.60892E7
549	5.61547E7
550	5.51344E7
551	5.63832E7
552	5.5666E7
553	5.52535E7
554	5.51663E7
555	5.4918E7
556	5.53956E7
557	5.57971E7
558	5.22181E7
559	5.42932E7
560	5.24351E7
561	5.32401E7
562	5.13735E7
563	4.79057E7
564	4.69439E7
565	4.62481E7
566	4.749E7
567	4.70275E7
568	4.51746E7
569	4.47497E7
570	4.5452E7
571	4.5602E7
572	4.48905E7
573	4.40173E7
574	4.49665E7
575	4.42107E7
576	4.28822E7
577	4.38008E7
578	4.27288E7
579	4.21698E7
580	4.20796E7
581	4.30046E7
582	4.11193E7
583	4.11017E7
584	3.98163E7
585	3.96994E7
586	3.8652E7
587	3.88555E7
588	3.80884E7
589	3.82121E7
590	3.85103E7
591	3.74649E7
592	3.68099E7
593	3.69443E7
594	3.60206E7
595	3.71155E7
596	3.50867E7
597	3.50157E7
598	3.41386E7
599	3.41313E7
600	3.35281E7
601	3.28552E7
602	3.23079E7
603	3.17182E7
604	3.2336E7
605	3.14488E7
606	3.21783E7
607	3.0377E7
608	2.98592E7
609	3.05334E7
610	3.00659E7
611	3.00064E7
612	3.0818E7
613	3.05959E7
614	2.96874E7
615	2.80782E7
616	2.80949E7
617	2.72823E7
618	2.66238E7
619	2.59972E7
620	2.58446E7
621	2.54693E7
622	2.44705E7
623	2.44185E7
624	2.39069E7
625	2.32214E7
626	2.29142E7
627	2.27438E7
628	2.21948E7
629	2.17071E7
630	2.14243E7
631	2.11283E7
632	2.09272E7
633	2.0505E7
634	2.01293E7
635	1.97724E7
636	1.90782E7
637	1.94114E7
638	1.85937E7
639	1.85206E7
640	1.82852E7
641	1.84522E7
642	1.77416E7
643	1.72568E7
644	1.68517E7
645	1.65895E7
646	1.62085E7
647	1.61553E7
648	1.57924E7
649	1.5521E7
650	1.536E7
651	1.46692E7
652	1.499E7
653	1.5029E7
654	1.44554E7
655	1.42633E7
656	1.40827E7
657	1.35831E7
658	1.33397E7
659	1.28906E7
660	1.27722E7
661	1.2458E7
662	1.22071E7
663	1.20613E7
664	1.17306E7
665	1.15877E7
666	1.14055E7
667	1.0934E7
668	1.10397E7
669	1.05879E7
670	1.04556E7
671	1.01353E7
672	1.01769E7
673	9.87623E6
674	9.78423E6
675	9.46881E6
676	9.2507E6
677	9.37425E6
678	9.07752E6
679	8.73547E6
680	8.79525E6
681	8.21918E6
682	8.11861E6
683	7.85471E6
684	7.62427E6
685	7.49618E6
686	7.20203E6
687	6.87935E6
688	6.93542E6
689	6.40701E6
690	6.51559E6
691	6.45792E6
692	6.384E6
693	6.21322E6
694	6.17982E6
695	6.01615E6
696	6.12538E6
697	5.87699E6
698	5.77298E6
699	5.68827E6
700	5.54543E6
701	5.51751E6
702	5.45999E6
703	5.3666E6
704	5.33767E6
705	5.33886E6
706	5.2476E6
707	5.18372E6
708	4.99037E6
709	4.79756E6
710	4.72601E6
711	4.6446E6
712	4.57945E6
713	4.52724E6
714	4.35327E6
715	4.29505E6
716	4.2279E6
717	4.13411E6
718	4.10183E6
719	4.01596E6
720	3.93234E6